function [H] = Hessian(x)
    H = zeros(3);
    H(1,1) = 1200*(x(1)^2) - 400*x(2) + 2;
    H(1,2) = -400*x(1);
    H(1,3) = 0;
    H(2,1) = -400*x(1);
    H(2,2) = 1200*(x(2)^2) - 400*x(3) + 202;
    H(2,3) = -400*x(2);
    H(3,1) = 0;
    H(3,2) = -400*x(2);
    H(3,3) = 200;
end

